0,522
50,5
50,4
50,3
50,2
50,1
50,0
49,4
49,3
49,2
49,1
49,0
48,5
48,4
48,3
48,2
48,1
48,0
47,4
47,3
47,2
47,1
47,0
46,3
46,2
46,1
46,0
45,3
45,2
45,1
45,0
44,4
44,3
44,2
44,1
44,0
43,4
43,3
43,2
43,1
43,0
42,4
42,3
42,2
42,1
42,0
41,4
41,3
41,2
41,1
41,0
40,5
40,4
40,3
40,2
40,1
40,0
37,3
37,2
37,1
37,0
36,3
36,2
36,1
36,0
35,3
35,2
35,1
35,0
34,3
34,2
34,1
34,0
33,3
33,2
33,1
33,0
32,3
32,2
32,1
32,0
31,3
31,2
31,1
31,0
30,5
30,4
30,3
30,2
30,1
30,0
29,5
29,4
29,3
29,2
29,1
29,0
26,5
26,4
26,3
26,2
26,1
26,0
25,3
25,2
25,1
25,0
23,4
23,3
23,2
23,1
23,0
22,4
22,3
22,2
22,1
22,0
21,4
21,3
21,2
21,1
21,0
20,6
20,5
20,4
20,3
20,2
20,1
20,0
19,3
19,2
19,1
19,0
18,3
18,2
18,1
18,0
17,3
17,2
17,1
17,0
16,3
16,2
16,1
16,0
15,4
15,3
15,2
15,1
15,0
14,3
14,2
14,1
14,0
13,5
13,4
13,3
13,2
13,1
13,0
12,7
12,6
12,4
12,3
12,2
12,1
12,0
11,9
11,8
11,6
11,3
11,2
11,1
11,0
10,4
10,3
10,2
10,1
10,0
9,4
9,3
9,2
9,1
9,0
8,4
8,3
8,2
8,1
8,0
4,3
2,24
2,23
2,22
2,21
2,20
2,19
2,18
2,17
2,16
2,15
2,14
2,12
2,11
2,10
2,9
2,8
2,6
2,5
2,3
2,2
2,1
2,0
1,3
0,573
0,572
0,571
0,569
0,519
0,516
0,426
0,425
0,424
0,408
0,407
0,404
0,393
0,243
0,9
0,1
50,6
50,7
52,1
52,2
52,4
54,0
54,2
54,4
55,0
55,2
55,3
55,5
56,1
56,2
56,4
58,0
58,2
58,3
59,0
59,2
59,3
60,0
60,1
60,3
60,5
61,0
61,2
61,3
61,5
61,6
63,1
63,3
63,4
64,1
64,2
64,4
67,1
67,2
69,0
69,1
69,3
70,0
70,2
70,4
70,5
71,0
71,1
71,3
72,0
72,1
72,3
72,4
72,6
73,1
73,2
74,0
74,1
74,3
74,4
77,1
77,3
77,4
78,0
78,1
78,3
79,0
79,1
79,3
79,4
79,6
80,0
80,2
80,4
81,0
81,2
81,3
82,0
82,2
82,3
84,0
84,1
84,3
84,4
85,0
85,2
85,3
86,0
86,1
86,3
87,0
87,1
87,3
87,4
88,1
88,3
88,4
89,0
89,1
89,3
90,0
90,2
91,0
91,1
91,3
91,4
92,0
92,2
92,3
97,0
97,1
97,3
97,4
98,0
98,2
98,3
99,1
99,2
101,0
101,2
101,3
102,0
102,1
102,3
102,4
104,1
104,3
105,0
105,2
105,3
106,0
106,2
106,3
106,5
107,0
107,2
107,3
109,0
109,2
109,3
110,1
110,2
110,4
110,6
110,7
111,1
111,2
111,4
112,0
112,1
112,3
115,0
115,2
115,3
116,0
116,2
116,3
118,1
118,2
118,4
120,1
120,2
120,4
121,0
121,2
121,3
122,0
122,2
122,3
123,0
123,1
123,3
124,1
124,2
124,4
124,5
126,1
126,2
128,0
128,2
128,3
128,5
129,0
129,2
130,0
130,1
130,3
130,4
131,0
131,2
131,3
131,5
132,0
132,2
132,3
133,0
133,2
133,3
134,0
134,1
134,3
134,5
136,0
136,2
136,3
137,0
137,1
137,3
137,5
138,0
138,2
138,3
138,5
140,0
140,1
140,3
140,4
140,6
140,7
140,9
141,0
141,1
141,3
141,4
142,0
142,2
142,3
143,1
143,2
143,4
144,0
144,2
144,4
145,0
145,2
145,3
146,1
146,3
146,4
147,1
147,2
147,4
148,1
148,2
148,4
148,6
150,1
150,2
150,4
150,6
150,7
152,1
152,2
152,4
152,6
153,0
153,2
153,3
155,1
155,2
155,4
156,1
156,2
156,4
157,0
157,2
157,4
158,0
158,2
158,3
159,0
159,1
159,3
160,0
160,1
160,3
160,9
168,1
168,3
168,4
168,9
168,10
171,0
171,2
171,3
176,0
176,1
176,3
176,4
177,1
177,3
177,4
179,0
179,1
179,3
180,1
180,2
180,4
180,5
180,8
184,0
184,2
184,7
184,8
184,10
185,0
185,2
185,4
186,0
186,2
186,3
186,5
186,6
191,1
191,3
191,4
192,0
192,1
192,3
193,0
193,1
193,3
193,4
195,1
195,3
195,4
197,1
197,2
197,4
200,0
200,2
200,4
205,0
205,2
205,3
207,0
207,2
207,3
208,0
208,1
208,3
208,4
209,0
209,2
209,3
210,0
210,1
210,3
210,5
210,6
211,1
211,2
211,4
211,5
213,1
213,3
213,5
219,1
219,2
219,4
223,1
223,2
223,4
223,5
226,1
226,2
226,4
246,1
246,2
246,4
247,0
247,2
247,4
247,5
253,0
253,1
253,3
254,0
254,1
254,3
254,4
255,1
255,2
255,4
257,0
257,1
257,3
257,4
258,1
258,3
258,4
258,6
265,0
265,2
265,3
265,5
268,1
268,2
268,4
268,5
269,1
269,3
269,4
279,0
279,1
279,3
279,4
281,1
281,3
281,5
282,1
282,2
283,0
283,2
283,3
283,5
284,0
284,2
284,4
287,0
287,2
287,3
287,5
288,0
288,2
288,4
289,0
289,2
289,3
289,5
289,7
289,8
289,10
290,0
290,2
290,3
290,5
291,1
291,2
291,4
291,3
291,0
290,4
290,1
289,9
289,6
289,4
289,1
288,3
288,1
287,4
287,1
284,3
284,1
283,4
283,1
282,3
282,0
281,2
281,0
279,2
269,5
269,2
269,0
268,3
268,0
265,4
265,1
258,5
258,2
258,0
257,2
255,5
255,3
255,0
254,2
253,4
253,2
247,6
247,3
247,1
246,3
246,0
226,3
226,0
223,3
223,0
219,3
219,0
213,2
213,0
211,3
211,0
210,4
210,2
209,4
209,1
208,5
208,2
207,4
207,1
205,4
205,1
200,3
200,1
197,3
197,0
195,2
195,0
193,2
192,4
192,2
191,5
191,2
191,0
186,4
186,1
185,3
185,1
184,9
184,3
184,1
180,6
180,3
180,0
179,2
177,5
177,2
177,0
176,2
171,4
171,1
168,11
168,8
168,2
168,0
160,2
159,4
159,2
158,4
158,1
157,3
157,1
156,3
156,0
155,3
155,0
153,1
152,5
152,3
152,0
150,5
150,3
150,0
148,3
148,0
147,3
147,0
146,2
146,0
145,1
144,3
144,1
143,3
143,0
142,1
141,5
141,2
140,10
140,8
140,5
140,2
138,10
138,4
138,1
137,4
137,2
136,4
136,1
134,4
134,2
133,4
133,1
132,4
132,1
131,4
131,1
130,5
130,2
129,3
129,1
128,4
128,1
126,3
126,0
124,3
124,0
123,2
122,4
122,1
121,4
121,1
120,3
120,0
118,3
118,0
116,1
115,4
115,1
112,2
111,5
111,3
111,0
110,5
110,3
110,0
109,1
107,4
107,1
106,4
106,1
105,4
105,1
104,2
104,0
102,2
101,4
101,1
99,3
99,0
98,1
97,5
97,2
92,4
92,1
91,5
91,2
90,3
90,1
89,2
88,5
88,2
88,0
87,2
86,4
86,2
85,4
85,1
84,6
84,2
82,4
82,1
81,4
81,1
80,3
80,1
79,5
79,2
78,4
78,2
77,5
77,2
77,0
74,2
73,3
73,0
72,5
72,2
71,4
71,2
70,6
70,3
70,1
69,2
67,3
67,0
64,3
64,0
63,2
63,0
61,4
61,1
60,4
60,2
59,4
59,1
58,4
58,1
56,3
56,0
55,4
55,1
54,3
54,1
52,3
52,0
0,441
0,440
0,439
0,300
0,299
0,298
0,297
0,296
0,295
0,294
0,293
0,292
0,291
0,290
0,289
0,288
0,287
0,286
0,285
0,284
0,283
0,282
0,281
0,280
0,279
0,278
0,277
0,276
0,275
0,274
0,273
0,272
0,271
0,270
0,269
0,268
0,267
0,266
0,265
0,264
0,263
0,262
0,261
0,260
0,259
0,258
0,257
0,256
0,255
0,254
0,253
0,252
0,251
0,250
0,249
0,248
0,247
0,246
0,245
0,244
0,242
0,241
0,240
0,239
0,238
0,237
0,236
0,235
0,234
0,233
0,232
0,231
0,230
0,229
0,228
0,227
0,226
0,225
0,224
0,223
0,222
0,221
0,220
0,219
0,218
0,217
0,216
0,215
0,214
0,213
0,212
0,211
0,210
0,209
0,208
0,207
0,206
0,205
0,204
0,203
0,202
0,201
0,200
0,199
0,198
0,197
0,196
0,195
0,194
0,193
0,192
0,63
0,62
0,61
0,60
0,59
0,58
0,57
0,56
0,55
0,54
0,53
0,52
0,51
0,50
0,49
0,48
0,47
0,46
0,515
0,45
0,514
0,6
0,0
0,5
0,304
0,303
0,306
0,305
0,302
0,512
0,12
0,392
0,10
0,8
0,438
0,11
0,2
0,4
0,3
0,7
